Training
--------

Monomer 1
C 	  0.00000000 	  0.00000000 	  0.00000000
O 	  0.00000000 	  0.00000000 	  1.16666667
O 	  0.00000000 	  0.10168170 	 -1.16222715

Monomer 2
C 	  0.00000000 	  0.00000000 	  0.00000000
O 	  0.00000000 	  0.00000000 	  1.17666667
O 	  0.00000000 	  0.00000000 	 -1.17666667

Monomer 3
C 	  0.00000000 	  0.00000000 	  0.00000000
O 	  0.00000000 	  0.00000000 	  1.18333333
O 	  0.00000000 	  0.02581428 	 -1.18305173

Monomer 4
C 	  0.00000000 	  0.00000000 	  0.00000000
O 	  0.00000000 	  0.00000000 	  1.16000000
O 	  0.00000000 	  0.07586763 	 -1.15751635

Monomer 5
C 	  0.00000000 	  0.00000000 	  0.00000000
O 	  0.00000000 	  0.00000000 	  1.17666667
O 	  0.00000000 	  0.07695768 	 -1.17414733

Monomer 6
C 	  0.00000000 	  0.00000000 	  0.00000000
O 	  0.00000000 	  0.00000000 	  1.18666667
O 	  0.00000000 	  0.05176167 	 -1.18553722

Monomer 7
C 	  0.00000000 	  0.00000000 	  0.00000000
O 	  0.00000000 	  0.00000000 	  1.16666667
O 	  0.00000000 	  0.07630365 	 -1.16416874

Monomer 8
C 	  0.00000000 	  0.00000000 	  0.00000000
O 	  0.00000000 	  0.00000000 	  1.18666667
O 	  0.00000000 	  0.00000000 	 -1.18666667

Monomer 9
C 	  0.00000000 	  0.00000000 	  0.00000000
O 	  0.00000000 	  0.00000000 	  1.18000000
O 	  0.00000000 	  0.02574156 	 -1.17971919

Monomer 10
C 	  0.00000000 	  0.00000000 	  0.00000000
O 	  0.00000000 	  0.00000000 	  1.17000000
O 	  0.00000000 	  0.00000000 	 -1.17000000

Monomer 11
C 	  0.00000000 	  0.00000000 	  0.00000000
O 	  0.00000000 	  0.00000000 	  1.18333333
O 	  0.00000000 	  0.05161628 	 -1.18220706

Monomer 12
C 	  0.00000000 	  0.00000000 	  0.00000000
O 	  0.00000000 	  0.00000000 	  1.19000000
O 	  0.00000000 	  0.07782972 	 -1.18745212

Monomer 13
C 	  0.00000000 	  0.00000000 	  0.00000000
O 	  0.00000000 	  0.00000000 	  1.16000000
O 	  0.00000000 	  0.10110066 	 -1.15558585

Monomer 14
C 	  0.00000000 	  0.00000000 	  0.00000000
O 	  0.00000000 	  0.00000000 	  1.17000000
O 	  0.00000000 	  0.07652166 	 -1.16749494

Monomer 15
C 	  0.00000000 	  0.00000000 	  0.00000000
O 	  0.00000000 	  0.00000000 	  1.16000000
O 	  0.00000000 	  0.05059849 	 -1.15889594

Monomer 16
C 	  0.00000000 	  0.00000000 	  0.00000000
O 	  0.00000000 	  0.00000000 	  1.17333333
O 	  0.00000000 	  0.00000000 	 -1.17333333

Monomer 17
C 	  0.00000000 	  0.00000000 	  0.00000000
O 	  0.00000000 	  0.00000000 	  1.16333333
O 	  0.00000000 	  0.02537798 	 -1.16305649

Monomer 18
C 	  0.00000000 	  0.00000000 	  0.00000000
O 	  0.00000000 	  0.00000000 	  1.18666667
O 	  0.00000000 	  0.07761171 	 -1.18412592

Monomer 19
C 	  0.00000000 	  0.00000000 	  0.00000000
O 	  0.00000000 	  0.00000000 	  1.17666667
O 	  0.00000000 	  0.05132548 	 -1.17554674

Monomer 20
C 	  0.00000000 	  0.00000000 	  0.00000000
O 	  0.00000000 	  0.00000000 	  1.17333333
O 	  0.00000000 	  0.10226274 	 -1.16886845

Monomer 21
C 	  0.00000000 	  0.00000000 	  0.00000000
O 	  0.00000000 	  0.00000000 	  1.16666667
O 	  0.00000000 	  0.00000000 	 -1.16666667

Monomer 22
C 	  0.00000000 	  0.00000000 	  0.00000000
O 	  0.00000000 	  0.00000000 	  1.18333333
O 	  0.00000000 	  0.00000000 	 -1.18333333

Monomer 23
C 	  0.00000000 	  0.00000000 	  0.00000000
O 	  0.00000000 	  0.00000000 	  1.19000000
O 	  0.00000000 	  0.05190707 	 -1.18886738

Monomer 24
C 	  0.00000000 	  0.00000000 	  0.00000000
O 	  0.00000000 	  0.00000000 	  1.17666667
O 	  0.00000000 	  0.10255326 	 -1.17218909

Monomer 25
C 	  0.00000000 	  0.00000000 	  0.00000000
O 	  0.00000000 	  0.00000000 	  1.16666667
O 	  0.00000000 	  0.02545070 	 -1.16638903

Monomer 26
C 	  0.00000000 	  0.00000000 	  0.00000000
O 	  0.00000000 	  0.00000000 	  1.18000000
O 	  0.00000000 	  0.07717569 	 -1.17747353

Monomer 27
C 	  0.00000000 	  0.00000000 	  0.00000000
O 	  0.00000000 	  0.00000000 	  1.17333333
O 	  0.00000000 	  0.05118008 	 -1.17221658

Monomer 28
C 	  0.00000000 	  0.00000000 	  0.00000000
O 	  0.00000000 	  0.00000000 	  1.17000000
O 	  0.00000000 	  0.10197222 	 -1.16554780

Monomer 29
C 	  0.00000000 	  0.00000000 	  0.00000000
O 	  0.00000000 	  0.00000000 	  1.16333333
O 	  0.00000000 	  0.10139118 	 -1.15890650

Monomer 30
C 	  0.00000000 	  0.00000000 	  0.00000000
O 	  0.00000000 	  0.00000000 	  1.16666667
O 	  0.00000000 	  0.05088929 	 -1.16555626

Monomer 31
C 	  0.00000000 	  0.00000000 	  0.00000000
O 	  0.00000000 	  0.00000000 	  1.17000000
O 	  0.00000000 	  0.05103468 	 -1.16888642

Monomer 32
C 	  0.00000000 	  0.00000000 	  0.00000000
O 	  0.00000000 	  0.00000000 	  1.16333333
O 	  0.00000000 	  0.05074389 	 -1.16222610

Monomer 33
C 	  0.00000000 	  0.00000000 	  0.00000000
O 	  0.00000000 	  0.00000000 	  1.19000000
O 	  0.00000000 	  0.00000000 	 -1.19000000

Monomer 34
C 	  0.00000000 	  0.00000000 	  0.00000000
O 	  0.00000000 	  0.00000000 	  1.17333333
O 	  0.00000000 	  0.02559613 	 -1.17305411

Monomer 35
C 	  0.00000000 	  0.00000000 	  0.00000000
O 	  0.00000000 	  0.00000000 	  1.19000000
O 	  0.00000000 	  0.02595971 	 -1.18971681

Monomer 36
C 	  0.00000000 	  0.00000000 	  0.00000000
O 	  0.00000000 	  0.00000000 	  1.17000000
O 	  0.00000000 	  0.02552342 	 -1.16972157

Monomer 37
C 	  0.00000000 	  0.00000000 	  0.00000000
O 	  0.00000000 	  0.00000000 	  1.16000000
O 	  0.00000000 	  0.02530527 	 -1.15972395

Monomer 38
C 	  0.00000000 	  0.00000000 	  0.00000000
O 	  0.00000000 	  0.00000000 	  1.19000000
O 	  0.00000000 	  0.10371533 	 -1.18547169

Monomer 39
C 	  0.00000000 	  0.00000000 	  0.00000000
O 	  0.00000000 	  0.00000000 	  1.18666667
O 	  0.00000000 	  0.02588700 	 -1.18638427

Monomer 40
C 	  0.00000000 	  0.00000000 	  0.00000000
O 	  0.00000000 	  0.00000000 	  1.17666667
O 	  0.00000000 	  0.02566885 	 -1.17638665

Monomer 41
C 	  0.00000000 	  0.00000000 	  0.00000000
O 	  0.00000000 	  0.00000000 	  1.18000000
O 	  0.00000000 	  0.10284378 	 -1.17550974

Monomer 42
C 	  0.00000000 	  0.00000000 	  0.00000000
O 	  0.00000000 	  0.00000000 	  1.18666667
O 	  0.00000000 	  0.10342481 	 -1.18215104

Monomer 43
C 	  0.00000000 	  0.00000000 	  0.00000000
O 	  0.00000000 	  0.00000000 	  1.16000000
O 	  0.00000000 	  0.00000000 	 -1.16000000

Monomer 44
C 	  0.00000000 	  0.00000000 	  0.00000000
O 	  0.00000000 	  0.00000000 	  1.18000000
O 	  0.00000000 	  0.00000000 	 -1.18000000

Monomer 45
C 	  0.00000000 	  0.00000000 	  0.00000000
O 	  0.00000000 	  0.00000000 	  1.16333333
O 	  0.00000000 	  0.07608564 	 -1.16084255

Monomer 46
C 	  0.00000000 	  0.00000000 	  0.00000000
O 	  0.00000000 	  0.00000000 	  1.17333333
O 	  0.00000000 	  0.07673967 	 -1.17082114

Monomer 47
C 	  0.00000000 	  0.00000000 	  0.00000000
O 	  0.00000000 	  0.00000000 	  1.18333333
O 	  0.00000000 	  0.10313430 	 -1.17883039

Monomer 48
C 	  0.00000000 	  0.00000000 	  0.00000000
O 	  0.00000000 	  0.00000000 	  1.16333333
O 	  0.00000000 	  0.00000000 	 -1.16333333

Monomer 49
C 	  0.00000000 	  0.00000000 	  0.00000000
O 	  0.00000000 	  0.00000000 	  1.18333333
O 	  0.00000000 	  0.07739370 	 -1.18079973

Monomer 50
C 	  0.00000000 	  0.00000000 	  0.00000000
O 	  0.00000000 	  0.00000000 	  1.18000000
O 	  0.00000000 	  0.05147088 	 -1.17887690

Dimer 1
O 	 -2.20552000 	  9.47405000 	 -8.45598000
C 	 -3.14276000 	  8.88145000 	 -8.79313000
O 	 -4.17128000 	  8.32349000 	 -9.06611000
O 	 -1.86204000 	  9.01352000 	 -4.50237000
C 	 -2.21562000 	  8.36086000 	 -5.43953000
O 	 -2.62955000 	  7.67824000 	 -6.30836000

Dimer 2
O 	 -0.55013900 	 -0.93367500 	  0.12296400
C 	 -0.09082820 	  0.12101300 	 -0.01636920
O 	  0.36743300 	  1.18383000 	 -0.17269300
O 	  0.46958700 	 -1.13287000 	  3.07627000
C 	  0.27686000 	  0.00400471 	  3.25362000
O 	  0.04024930 	  1.13471000 	  3.43601000

Dimer 3
O 	 -1.35646000 	 -7.72746000 	  9.02431000
C 	 -1.91420000 	 -6.69094000 	  8.95047000
O 	 -2.44084000 	 -5.66557000 	  8.80747000
O 	  0.93651700 	 -4.98562000 	  7.87173000
C 	  1.05310000 	 -4.13579000 	  7.08496000
O 	  1.32412000 	 -3.33296000 	  6.28815000

Dimer 4
O 	  0.35091300 	 -4.58261000 	 -5.81308000
C 	 -0.62772900 	 -5.24487000 	 -5.80246000
O 	 -1.64278000 	 -5.81610000 	 -5.76569000
O 	 -1.95790000 	 -6.93235000 	 -8.66288000
C 	 -1.80181000 	 -7.66022000 	 -7.78007000
O 	 -1.68682000 	 -8.43487000 	 -6.92672000

Dimer 5
O 	 -0.51938400 	  9.78221000 	  9.47490000
C 	  0.20718700 	  8.93583000 	  9.07909000
O 	  0.94781300 	  8.10914000 	  8.76050000
O 	 -1.94944000 	  7.35168000 	  7.90160000
C 	 -2.49394000 	  6.48413000 	  7.34736000
O 	 -3.08473000 	  5.64697000 	  6.80224000

Dimer 6
O 	 -0.94985100 	 -4.33578000 	 -8.77414000
C 	  0.02386250 	 -4.14539000 	 -8.15697000
O 	  1.04200000 	 -3.95528000 	 -7.56304000
O 	 -1.28474000 	 -6.03546000 	 -6.53160000
C 	 -1.58967000 	 -7.16311000 	 -6.38991000
O 	 -1.88768000 	 -8.29021000 	 -6.31836000

Dimer 7
O 	  0.67060200 	  8.75207000 	  8.79524000
C 	  0.36674100 	  8.27729000 	  7.75711000
O 	  0.03210050 	  7.75519000 	  6.77522000
O 	 -2.76421000 	  7.57154000 	  4.35910000
C 	 -1.71295000 	  8.08485000 	  4.27337000
O 	 -0.66907900 	  8.56341000 	  4.20403000

Dimer 8
O 	 -0.26388500 	 -1.12042000 	 -0.02570070
C 	 -0.07672760 	  0.03516360 	 -0.02986920
O 	  0.09849570 	  1.18381000 	 -0.02710760
O 	  0.10843300 	 -1.19427000 	  3.23876000
C 	  0.07388930 	 -0.02991110 	  3.30939000
O 	  0.02800680 	  1.13469000 	  3.38563000

Dimer 9
O 	 -2.59631000 	  9.67412000 	 -8.97385000
C 	 -3.41060000 	  8.86525000 	 -8.87016000
O 	 -4.17109000 	  7.94987000 	 -8.70398000
O 	 -1.78175000 	  9.51360000 	 -4.21865000
C 	 -2.06280000 	  8.91901000 	 -5.18876000
O 	 -2.34491000 	  8.42281000 	 -6.19199000

Dimer 10
O 	 -0.79131000 	  0.59384900 	  0.46771400
C 	 -0.26997200 	 -0.24497500 	 -0.16873900
O 	  0.22460700 	 -1.09829000 	 -0.78617900
O 	  1.99828000 	 -0.25697600 	  2.27069000
C 	  1.33043000 	  0.48708600 	  2.89108000
O 	  0.69106300 	  1.21942000 	  3.53331000

Dimer 11
O 	 -0.63088600 	 -5.09314000 	  9.41269000
C 	 -0.91802200 	 -5.60933000 	  8.41766000
O 	 -1.01895000 	 -6.18445000 	  7.42460000
O 	  0.71978500 	 -6.01623000 	  3.80314000
C 	 -0.40766900 	 -6.16985000 	  3.65811000
O 	 -1.55821000 	 -6.29733000 	  3.56503000

Dimer 12
O 	 -0.82529600 	 -7.78486000 	  8.27047000
C 	 -1.56477000 	 -6.97215000 	  8.75445000
O 	 -2.32476000 	 -6.29175000 	  9.30604000
O 	  0.17934500 	 -4.43049000 	  8.90476000
C 	  1.22301000 	 -3.92219000 	  8.97250000
O 	  2.29867000 	 -3.42221000 	  9.02285000

Dimer 13
O 	 -0.84241800 	  9.73590000 	  9.61621000
C 	  0.01880760 	  8.99518000 	  9.24837000
O 	  0.83223800 	  8.28913000 	  8.85134000
O 	 -1.74837000 	  7.26946000 	  8.06146000
C 	 -2.47635000 	  6.41425000 	  7.75550000
O 	 -3.17590000 	  5.49681000 	  7.53839000

Dimer 14
O 	  0.33436600 	 -4.74727000 	 -5.57376000
C 	 -0.71692000 	 -5.27267000 	 -5.63086000
O 	 -1.70168000 	 -5.88328000 	 -5.80073000
O 	 -1.88916000 	 -6.94023000 	 -8.71386000
C 	 -1.84869000 	 -7.76073000 	 -7.87429000
O 	 -1.70921000 	 -8.49146000 	 -7.00089000

Dimer 15
O 	 -0.87373500 	 -5.57111000 	  9.46980000
C 	 -1.05618000 	 -5.74608000 	  8.33123000
O 	 -1.07898000 	 -5.94081000 	  7.19403000
O 	  0.88463400 	 -5.78260000 	  4.62883000
C 	 -0.22951000 	 -5.79104000 	  4.24648000
O 	 -1.36406000 	 -5.79944000 	  3.90751000

Dimer 16
O 	 -2.96290000 	 -8.68469000 	 -4.15556000
C 	 -1.96103000 	 -8.77307000 	 -4.75877000
O 	 -0.98637300 	 -8.74140000 	 -5.44624000
O 	 -0.65830900 	 -7.17172000 	 -8.49420000
C 	 -1.52224000 	 -7.85217000 	 -8.12220000
O 	 -2.40694000 	 -8.53449000 	 -7.73672000

Dimer 17
O 	 -2.23316000 	  9.50813000 	 -8.56170000
C 	 -3.25064000 	  8.89421000 	 -8.78823000
O 	 -4.16921000 	  8.24038000 	 -9.01588000
O 	 -1.86568000 	  9.10120000 	 -4.47759000
C 	 -2.20641000 	  8.42964000 	 -5.35163000
O 	 -2.56228000 	  7.81404000 	 -6.28204000

Dimer 18
O 	 -2.90503000 	 -8.60587000 	 -4.09543000
C 	 -1.96294000 	 -8.70723000 	 -4.80130000
O 	 -0.99203600 	 -8.69927000 	 -5.42997000
O 	 -0.68455400 	 -7.17996000 	 -8.52339000
C 	 -1.55502000 	 -7.83560000 	 -8.13536000
O 	 -2.37282000 	 -8.55921000 	 -7.72838000

Dimer 19
O 	 -0.14895300 	 -1.14018000 	  0.02882040
C 	 -0.07997930 	  0.02671720 	  0.03817980
O 	  0.01196020 	  1.19623000 	  0.06652260
O 	  0.02833130 	 -1.17588000 	  3.26637000
C 	  0.00355920 	 -0.00856866 	  3.29889000
O 	 -0.00914392 	  1.15905000 	  3.31968000

Dimer 20
O 	 -0.65398700 	 -4.99141000 	  9.41762000
C 	 -0.76925400 	 -5.62536000 	  8.43384000
O 	 -1.03803000 	 -6.21339000 	  7.45355000
O 	  0.70885100 	 -6.05850000 	  3.65836000
C 	 -0.45188000 	 -6.22863000 	  3.61188000
O 	 -1.60194000 	 -6.37781000 	  3.48082000

Dimer 21
O 	 -1.31366000 	  9.57061000 	  9.83503000
C 	 -0.24692500 	  9.14626000 	  9.50293000
O 	  0.78244000 	  8.71503000 	  9.23723000
O 	 -1.64104000 	  7.00453000 	  8.22640000
C 	 -2.42030000 	  6.18083000 	  8.45429000
O 	 -3.24136000 	  5.37548000 	  8.69762000

Dimer 22
O 	  0.92496800 	 -0.31677600 	 -0.49899700
C 	 -0.12422000 	 -0.80740500 	 -0.54732700
O 	 -1.20633000 	 -1.25894000 	 -0.60610200
O 	  2.48577000 	  0.43647500 	  2.07922000
C 	  1.98160000 	  0.90493800 	  3.02563000
O 	  1.43748000 	  1.35722000 	  3.96965000

Dimer 23
O 	 -0.88698500 	 -7.56477000 	  8.65258000
C 	 -1.70642000 	 -6.73548000 	  8.83401000
O 	 -2.54697000 	 -5.93852000 	  9.01338000
O 	  0.59626500 	 -5.13671000 	  8.35487000
C 	  1.11397000 	 -4.20711000 	  7.86606000
O 	  1.67779000 	 -3.29755000 	  7.36515000

Dimer 24
O 	  1.09125000 	  8.45833000 	  8.61404000
C 	  0.45457400 	  8.21019000 	  7.67434000
O 	 -0.22131400 	  7.87108000 	  6.76327000
O 	 -2.54089000 	  7.95473000 	  2.73567000
C 	 -1.59324000 	  8.48169000 	  3.15133000
O 	 -0.61661000 	  8.94290000 	  3.63371000

Dimer 25
O 	 -1.44615000 	  9.43160000 	  9.85587000
C 	 -0.34727600 	  9.19294000 	  9.62798000
O 	  0.79845000 	  8.92057000 	  9.42735000
O 	 -1.63533000 	  6.84276000 	  8.33481000
C 	 -2.44142000 	  6.08571000 	  8.71164000
O 	 -3.23688000 	  5.37541000 	  9.12578000

Dimer 26
O 	 -1.47867000 	 -6.60381000 	  9.75698000
C 	 -1.58794000 	 -6.08889000 	  8.69749000
O 	 -1.82690000 	 -5.57662000 	  7.69112000
O 	  1.15954000 	 -5.34550000 	  5.75911000
C 	  0.35448100 	 -4.97811000 	  5.00620000
O 	 -0.51520700 	 -4.57376000 	  4.32088000

Dimer 27
O 	 -1.04145000 	 -4.71999000 	 -8.79375000
C 	  0.03826430 	 -4.32900000 	 -8.76064000
O 	  1.10523000 	 -3.87008000 	 -8.84540000
O 	 -0.47745000 	 -6.01030000 	 -6.12972000
C 	 -1.36427000 	 -6.77230000 	 -6.21733000
O 	 -2.24040000 	 -7.54461000 	 -6.25336000

Dimer 28
O 	 -0.59000100 	  9.78101000 	  9.50243000
C 	  0.16362400 	  8.96942000 	  9.16744000
O 	  0.93447200 	  8.16633000 	  8.77167000
O 	 -1.87588000 	  7.32282000 	  7.93722000
C 	 -2.52755000 	  6.46244000 	  7.48171000
O 	 -3.12804000 	  5.59717000 	  7.00606000

Dimer 29
O 	  0.36832700 	 -3.98507000 	 -7.28680000
C 	 -0.29361200 	 -4.60424000 	 -6.54815000
O 	 -0.98359000 	 -5.27982000 	 -5.85661000
O 	 -2.20373000 	 -6.70641000 	 -8.05120000
C 	 -1.91041000 	 -7.64532000 	 -7.38000000
O 	 -1.58767000 	 -8.54467000 	 -6.69298000

Dimer 30
O 	 -2.78089000 	 -8.35013000 	 -3.98711000
C 	 -1.85885000 	 -8.46258000 	 -4.65873000
O 	 -1.01290000 	 -8.53392000 	 -5.46666000
O 	 -0.79003800 	 -7.12197000 	 -8.65619000
C 	 -1.52871000 	 -7.90907000 	 -8.17306000
O 	 -2.35600000 	 -8.60135000 	 -7.70882000

Dimer 31
O 	  0.14136700 	 -3.80074000 	 -8.06978000
C 	 -0.13690600 	 -4.30661000 	 -7.04808000
O 	 -0.34325600 	 -4.90574000 	 -6.05624000
O 	 -2.13058000 	 -6.46313000 	 -7.41878000
C 	 -1.88110000 	 -7.52976000 	 -7.00741000
O 	 -1.62121000 	 -8.57470000 	 -6.60411000

Dimer 32
O 	 -2.33605000 	  9.55301000 	 -8.66682000
C 	 -3.21783000 	  8.85339000 	 -8.78299000
O 	 -4.19447000 	  8.19528000 	 -8.96969000
O 	 -1.84654000 	  9.17528000 	 -4.41803000
C 	 -2.20304000 	  8.56399000 	 -5.34217000
O 	 -2.50222000 	  7.91708000 	 -6.23916000

Dimer 33
O 	 -1.05560000 	 -4.52184000 	 -8.80826000
C 	  0.04362430 	 -4.16696000 	 -8.56262000
O 	  1.11204000 	 -3.86191000 	 -8.23060000
O 	 -0.87536500 	 -6.01989000 	 -6.21636000
C 	 -1.48672000 	 -7.00912000 	 -6.27608000
O 	 -2.10395000 	 -8.00787000 	 -6.28197000

Dimer 34
O 	 -1.13267000 	 -0.49337000 	  0.58999300
C 	 -0.17186600 	  0.03025160 	  0.18770500
O 	  0.78976100 	  0.56903900 	 -0.21731300
O 	  0.98569200 	 -0.86120000 	  2.58054000
C 	  0.59986200 	  0.18535300 	  2.94788000
O 	  0.15430100 	  1.21192000 	  3.29050000

Dimer 35
O 	 -2.05368000 	 -7.42997000 	  9.53001000
C 	 -1.78109000 	 -6.47329000 	  8.86730000
O 	 -1.66171000 	 -5.46656000 	  8.26698000
O 	  0.55184400 	 -4.90136000 	  6.99370000
C 	  0.68037700 	 -4.30255000 	  6.01453000
O 	  0.72063000 	 -3.66042000 	  5.05078000

Dimer 36
O 	 -1.53417000 	 -7.71386000 	  9.14491000
C 	 -1.86914000 	 -6.64995000 	  8.89940000
O 	 -2.34902000 	 -5.60671000 	  8.73980000
O 	  0.89411600 	 -4.93722000 	  7.72131000
C 	  1.08603000 	 -4.15851000 	  6.87228000
O 	  1.15446000 	 -3.35528000 	  6.02824000

Dimer 37
O 	 -0.31330100 	  9.49209000 	  8.84587000
C 	  0.21256500 	  8.48132000 	  8.56749000
O 	  0.78097000 	  7.49710000 	  8.30694000
O 	 -1.99587000 	  7.61424000 	  7.55416000
C 	 -2.18929000 	  7.12792000 	  6.51255000
O 	 -2.44455000 	  6.68880000 	  5.47559000

Dimer 38
O 	 -0.14874300 	  9.47563000 	  8.71495000
C 	  0.26553100 	  8.41503000 	  8.42150000
O 	  0.63748300 	  7.33666000 	  8.14252000
O 	 -2.13772000 	  7.52329000 	  7.32683000
C 	 -2.11308000 	  7.33655000 	  6.16201000
O 	 -2.14050000 	  7.13741000 	  5.01567000

Dimer 39
O 	 -3.22259000 	 -9.30579000 	 -4.54459000
C 	 -2.10894000 	 -9.10482000 	 -4.92028000
O 	 -1.02535000 	 -9.07471000 	 -5.34600000
O 	 -0.46057200 	 -7.27512000 	 -8.22064000
C 	 -1.45188000 	 -7.82345000 	 -7.99247000
O 	 -2.47330000 	 -8.32367000 	 -7.80123000

Dimer 40
O 	 -0.98062500 	 -4.36130000 	 -8.79392000
C 	  0.03362040 	 -4.17927000 	 -8.21368000
O 	  1.05660000 	 -3.91293000 	 -7.72889000
O 	 -1.19770000 	 -6.03769000 	 -6.43985000
C 	 -1.56557000 	 -7.13887000 	 -6.39318000
O 	 -1.93298000 	 -8.23789000 	 -6.30594000

Dimer 41
O 	  0.23213900 	  9.41075000 	  8.69454000
C 	  0.31725200 	  8.35801000 	  8.24271000
O 	  0.35525300 	  7.27981000 	  7.73987000
O 	 -2.35937000 	  7.37457000 	  6.69055000
C 	 -1.99665000 	  7.60851000 	  5.60384000
O 	 -1.57640000 	  7.81714000 	  4.52980000

Dimer 42
O 	  0.23097400 	 -4.96499000 	 -5.12444000
C 	 -0.76457200 	 -5.41016000 	 -5.52135000
O 	 -1.78355000 	 -5.91641000 	 -5.82782000
O 	 -1.83224000 	 -6.96388000 	 -8.79179000
C 	 -1.82617000 	 -7.83327000 	 -7.98731000
O 	 -1.78210000 	 -8.65338000 	 -7.17784000

Dimer 43
O 	 -0.64997200 	 -4.95907000 	  9.38989000
C 	 -0.75283300 	 -5.62152000 	  8.43635000
O 	 -1.01746000 	 -6.21575000 	  7.49725000
O 	  0.67680900 	 -6.08885000 	  3.60083000
C 	 -0.45877800 	 -6.23720000 	  3.54861000
O 	 -1.61212000 	 -6.42115000 	  3.44847000

Dimer 44
O 	 -0.95904300 	 -5.07283000 	 -8.57952000
C 	 -0.00236255 	 -4.50132000 	 -8.97820000
O 	  0.96683100 	 -3.94416000 	 -9.35838000
O 	 -0.12276600 	 -6.00416000 	 -6.25949000
C 	 -1.19608000 	 -6.43903000 	 -6.26448000
O 	 -2.28869000 	 -6.87550000 	 -6.27383000

Dimer 45
O 	 -1.89141000 	 -7.62219000 	  9.37879000
C 	 -1.92878000 	 -6.53605000 	  8.90832000
O 	 -1.90014000 	 -5.47982000 	  8.43185000
O 	  0.71491300 	 -4.88877000 	  7.28850000
C 	  0.84472100 	 -4.21218000 	  6.33482000
O 	  0.92425100 	 -3.50835000 	  5.38238000

Dimer 46
O 	 -2.32059000 	  9.24311000 	 -7.84679000
C 	 -2.69602000 	  9.20618000 	 -8.94005000
O 	 -3.14350000 	  9.13340000 	-10.02950000
O 	 -1.62965000 	  7.59263000 	 -5.31886000
C 	 -2.49346000 	  7.06934000 	 -5.92895000
O 	 -3.45082000 	  6.60560000 	 -6.44153000

Dimer 47
O 	  0.17252100 	 -3.78759000 	 -7.92743000
C 	 -0.09346250 	 -4.41676000 	 -6.99020000
O 	 -0.50030400 	 -4.94624000 	 -6.03328000
O 	 -2.15078000 	 -6.50874000 	 -7.51783000
C 	 -1.88485000 	 -7.54213000 	 -7.07642000
O 	 -1.62858000 	 -8.58742000 	 -6.62657000

Dimer 48
O 	 -0.40185000 	  9.74370000 	  9.34134000
C 	  0.28082800 	  8.84892000 	  8.96465000
O 	  0.97174000 	  7.98186000 	  8.66226000
O 	 -2.06857000 	  7.40667000 	  7.83478000
C 	 -2.47757000 	  6.59730000 	  7.09640000
O 	 -2.94537000 	  5.79891000 	  6.38510000

Dimer 49
O 	 -1.09697000 	 -0.53956900 	  0.56933600
C 	 -0.17042600 	  0.03892970 	  0.17084900
O 	  0.76456700 	  0.63398000 	 -0.20843400
O 	  0.94911800 	 -0.87832400 	  2.61493000
C 	  0.55395300 	  0.15936200 	  2.96302000
O 	  0.14472900 	  1.20463000 	  3.29650000

Dimer 50
O 	 -1.05966000 	 -4.65595000 	 -8.79362000
C 	  0.01288930 	 -4.24146000 	 -8.77484000
O 	  1.12209000 	 -3.88479000 	 -8.66667000
O 	 -0.57402600 	 -6.00993000 	 -6.14832000
C 	 -1.39978000 	 -6.85765000 	 -6.18229000
O 	 -2.21111000 	 -7.68321000 	 -6.26950000

Trimer 1
O 	 -0.03574350 	  0.76791100 	 -0.16009100
C 	  0.14230900 	  1.91618000 	 -0.02400340
O 	  0.32369300 	  3.06843000 	  0.07518550
O 	  1.71759000 	 -2.04801000 	 -0.22693100
C 	  2.13225000 	 -0.97948600 	  0.00128869
O 	  2.56689000 	  0.08237930 	  0.21883900
O 	 -1.54712000 	 -1.90528000 	 -0.04885260
C 	 -2.13535000 	 -0.89549300 	 -0.08105200
O 	 -2.71681000 	  0.11666200 	 -0.08275610

Trimer 2
O 	  0.06521810 	  0.90402200 	 -0.70503600
C 	  0.45225700 	  1.86409000 	 -0.15063300
O 	  0.85710900 	  2.79823000 	  0.42632300
O 	  2.09233000 	 -2.08554000 	 -0.57923500
C 	  2.21530000 	 -1.05065000 	 -0.02477590
O 	  2.38503000 	 -0.01826720 	  0.50955300
O 	 -1.34932000 	 -1.70087000 	  0.03723820
C 	 -2.10967000 	 -0.83320600 	 -0.17022400
O 	 -2.83478000 	  0.06544960 	 -0.36127400

Trimer 3
O 	 -0.00083294 	  0.80478500 	 -0.09248390
C 	  0.06504920 	  1.97545000 	 -0.03250540
O 	  0.10928800 	  3.14142000 	  0.02631530
O 	  1.53412000 	 -2.09537000 	 -0.08459880
C 	  2.08779000 	 -1.06284000 	 -0.00983328
O 	  2.65050000 	 -0.03870380 	  0.08823180
O 	 -1.57700000 	 -1.96487000 	 -0.02872230
C 	 -2.13044000 	 -0.93446700 	 -0.04493230
O 	 -2.69862000 	  0.09320660 	 -0.05509310

Trimer 4
O 	 -0.03060830 	  0.77577500 	 -0.09743160
C 	  0.11176500 	  1.93424000 	 -0.01904230
O 	  0.24293300 	  3.09433000 	  0.02996750
O 	  1.68106000 	 -2.06607000 	 -0.17631000
C 	  2.11841000 	 -0.99570400 	 -0.00210356
O 	  2.56673000 	  0.07099550 	  0.18840200
O 	 -1.56255000 	 -1.93472000 	 -0.05526400
C 	 -2.11786000 	 -0.90737800 	 -0.07955080
O 	 -2.67442000 	  0.12205800 	 -0.06177860

Trimer 5
O 	  0.01782470 	  0.79909400 	 -0.10092400
C 	  0.10473500 	  1.96349000 	 -0.03015510
O 	  0.17054400 	  3.13191000 	  0.02085250
O 	  1.60406000 	 -2.08548000 	 -0.11122600
C 	  2.10140000 	 -1.03166000 	  0.00607415
O 	  2.60074000 	  0.02198200 	  0.14608900
O 	 -1.58389000 	 -1.95933000 	 -0.05198650
C 	 -2.13085000 	 -0.92388400 	 -0.07320830
O 	 -2.68838000 	  0.10495800 	 -0.06349190

Trimer 6
O 	 -0.00088941 	  0.80514100 	 -0.44222800
C 	  0.26555700 	  1.89245000 	 -0.10532500
O 	  0.55428400 	  2.97501000 	  0.23892100
O 	  1.86779000 	 -2.04244000 	 -0.35034800
C 	  2.21669000 	 -0.97876200 	  0.00660185
O 	  2.58891000 	  0.07958510 	  0.33480900
O 	 -1.48061000 	 -1.82033000 	 -0.03347180
C 	 -2.16062000 	 -0.87389900 	 -0.11586800
O 	 -2.82515000 	  0.08836480 	 -0.16327100

Trimer 7
O 	  0.00240725 	  0.82731500 	 -0.02617920
C 	  0.05549110 	  1.99856000 	 -0.01034320
O 	  0.09435090 	  3.16481000 	  0.01132600
O 	  1.48235000 	 -2.09875000 	 -0.01683920
C 	  2.04656000 	 -1.07240000 	  0.00113350
O 	  2.61459000 	 -0.04839480 	  0.01765970
O 	 -1.55403000 	 -1.94515000 	 -0.01855450
C 	 -2.12751000 	 -0.92514500 	 -0.00971156
O 	 -2.70065000 	  0.09902690 	 -0.01533940

Trimer 8
O 	 -0.02040350 	  0.81656300 	 -0.06963890
C 	  0.04518490 	  1.98243000 	 -0.02355270
O 	  0.08941450 	  3.15249000 	  0.02755670
O 	  1.49421000 	 -2.08771000 	 -0.05192230
C 	  2.06243000 	 -1.06523000 	 -0.00823318
O 	  2.64146000 	 -0.04438420 	  0.04903770
O 	 -1.57023000 	 -1.94502000 	 -0.02265710
C 	 -2.13342000 	 -0.91615300 	 -0.01852020
O 	 -2.71280000 	  0.09870410 	 -0.03803710

Trimer 9
O 	  0.00482502 	  0.84525000 	 -0.59222300
C 	  0.34510400 	  1.87638000 	 -0.14265200
O 	  0.69929900 	  2.89060000 	  0.31818300
O 	  1.97423000 	 -2.06040000 	 -0.46089900
C 	  2.23597000 	 -1.00976000 	 -0.01426180
O 	  2.52916000 	  0.05185360 	  0.40827200
O 	 -1.42110000 	 -1.76336000 	  0.00441215
C 	 -2.14316000 	 -0.85391700 	 -0.14844800
O 	 -2.84145000 	  0.07534980 	 -0.26018200

Trimer 10
O 	  0.00048246 	  0.77352800 	 -0.28500200
C 	  0.19743800 	  1.90893000 	 -0.05447010
O 	  0.42178200 	  3.04004000 	  0.14708500
O 	  1.77753000 	 -2.03320000 	 -0.26475100
C 	  2.17683000 	 -0.97619300 	  0.01788210
O 	  2.59521000 	  0.09055030 	  0.26709300
O 	 -1.53505000 	 -1.87329000 	 -0.03318270
C 	 -2.16083000 	 -0.88921700 	 -0.07924590
O 	 -2.78411000 	  0.09872970 	 -0.10226100

================================================
Testing
-------

Dimer 1
O 	 -1.00590000 	 -6.44489000 	 -3.57323000
C 	 -1.12890000 	 -6.38113000 	 -4.73321000
O 	 -1.31506000 	 -6.51042000 	 -5.87330000
O 	 -1.51363000 	 -7.06323000 	 -8.98245000
C 	 -1.89754000 	 -8.05811000 	 -8.42797000
O 	 -2.26644000 	 -9.00200000 	 -7.84430000

Dimer 2
O 	 -0.79785500 	 -4.22427000 	 -8.75547000
C 	  0.01707180 	 -4.13756000 	 -7.92304000
O 	  0.90264800 	 -4.07179000 	 -7.12046000
O 	 -1.51967000 	 -6.07798000 	 -6.70558000
C 	 -1.64710000 	 -7.22859000 	 -6.50103000
O 	 -1.76900000 	 -8.37239000 	 -6.34530000

Dimer 3
O 	 -3.13813000 	 -9.07332000 	 -4.39173000
C 	 -2.06161000 	 -9.08952000 	 -4.88991000
O 	 -0.98689500 	 -8.95038000 	 -5.35669000
O 	 -0.51526500 	 -7.24202000 	 -8.30312000
C 	 -1.50721000 	 -7.81343000 	 -8.06116000
O 	 -2.45689000 	 -8.40644000 	 -7.79007000

Dimer 4
O 	 -2.09020000 	 -7.32589000 	 -3.50925000
C 	 -1.42793000 	 -7.40037000 	 -4.47707000
O 	 -0.84396700 	 -7.51647000 	 -5.50183000
O 	 -1.13368000 	 -7.11751000 	 -8.97980000
C 	 -1.69953000 	 -8.01757000 	 -8.44787000
O 	 -2.36668000 	 -8.81364000 	 -7.92415000

Dimer 5
O 	  0.51674700 	  0.27350400 	  0.05061120
C 	 -0.13741800 	 -0.59193900 	 -0.40027200
O 	 -0.86106500 	 -1.41565000 	 -0.81706900
O 	  2.20334000 	  0.23739000 	  2.05277000
C 	  1.67177000 	  0.75706600 	  2.95866000
O 	  1.16143000 	  1.25069000 	  3.89476000

Dimer 6
O 	 -1.01121000 	  9.69958000 	  9.69727000
C 	 -0.11237000 	  9.02542000 	  9.32861000
O 	  0.77769200 	  8.39569000 	  8.94180000
O 	 -1.67613000 	  7.22019000 	  8.09527000
C 	 -2.43229000 	  6.33667000 	  8.02740000
O 	 -3.18989000 	  5.46259000 	  7.87184000

Dimer 7
O 	 -0.17753300 	 -1.13488000 	  0.02006960
C 	 -0.08023100 	  0.02780710 	  0.03020490
O 	  0.01792130 	  1.19452000 	  0.04475190
O 	  0.03685470 	 -1.18029000 	  3.25863000
C 	  0.02478490 	 -0.01196390 	  3.30039000
O 	 -0.00289996 	  1.15797000 	  3.33317000

Dimer 8
O 	  0.13030700 	 -3.80394000 	 -8.09147000
C 	 -0.15801300 	 -4.30010000 	 -7.06338000
O 	 -0.29585900 	 -4.88176000 	 -6.07222000
O 	 -2.12547000 	 -6.46234000 	 -7.39602000
C 	 -1.88049000 	 -7.50532000 	 -6.98839000
O 	 -1.61990000 	 -8.57707000 	 -6.59993000

Dimer 9
O 	 -0.81295000 	 -0.78778100 	  0.35562700
C 	 -0.13172200 	  0.10515300 	  0.04783040
O 	  0.56543500 	  0.99812800 	 -0.20684300
O 	  0.68234100 	 -1.03209000 	  2.85010000
C 	  0.35805200 	  0.05999960 	  3.12724000
O 	  0.07444780 	  1.16683000 	  3.36335000

Dimer 10
O 	 -2.10299000 	  9.33084000 	 -8.17008000
C 	 -3.05866000 	  8.91779000 	 -8.75161000
O 	 -3.98079000 	  8.58736000 	 -9.31594000
O 	 -1.83166000 	  8.68214000 	 -4.74867000
C 	 -2.34609000 	  8.04556000 	 -5.54893000
O 	 -2.80491000 	  7.36431000 	 -6.36958000

Trimer 1
O 	 -0.02837640 	  0.76663000 	 -0.21038900
C 	  0.18055000 	  1.91234000 	 -0.06235900
O 	  0.36040600 	  3.05365000 	  0.11764600
O 	  1.73626000 	 -2.03906000 	 -0.23344100
C 	  2.16192000 	 -0.97818600 	 -0.00645138
O 	  2.57637000 	  0.08817400 	  0.24488800
O 	 -1.54236000 	 -1.88960000 	 -0.04850300
C 	 -2.14690000 	 -0.88802100 	 -0.06092550
O 	 -2.75102000 	  0.10812700 	 -0.09340550

Trimer 2
O 	  0.00909837 	  0.83028100 	 -0.00872834
C 	  0.06023050 	  2.00131000 	  0.00318690
O 	  0.10405700 	  3.16865000 	  0.00330690
O 	  1.48487000 	 -2.09559000 	 -0.00370878
C 	  2.04651000 	 -1.06963000 	  0.00106099
O 	  2.61936000 	 -0.05016940 	  0.00714675
O 	 -1.53881000 	 -1.94832000 	 -0.00409726
C 	 -2.11376000 	 -0.92777800 	 -0.00828777
O 	 -2.69677000 	  0.08753530 	 -0.00398492

Trimer 3
O 	 -0.00623901 	  0.82542500 	 -0.51940000
C 	  0.31928800 	  1.87500000 	 -0.11836900
O 	  0.61665100 	  2.93872000 	  0.27804200
O 	  1.91092000 	 -2.04896000 	 -0.39817000
C 	  2.24629000 	 -0.98751900 	 -0.02417910
O 	  2.56183000 	  0.07033970 	  0.37198300
O 	 -1.45663000 	 -1.79278000 	 -0.02538990
C 	 -2.14134000 	 -0.84761900 	 -0.11276600
O 	 -2.83892000 	  0.08186900 	 -0.21642800

Trimer 4
O 	 -0.00901579 	  0.81042100 	 -0.09133100
C 	  0.02855640 	  1.98030000 	 -0.02974020
O 	  0.09602360 	  3.14647000 	  0.02873080
O 	  1.51173000 	 -2.09135000 	 -0.07848490
C 	  2.08277000 	 -1.06844000 	  0.00315710
O 	  2.65351000 	 -0.04665570 	  0.06499580
O 	 -1.56791000 	 -1.95148000 	 -0.02012580
C 	 -2.13806000 	 -0.93064500 	 -0.03900750
O 	 -2.70369000 	  0.09670430 	 -0.04323970

Trimer 5
O 	  0.00064931 	  0.78904700 	 -0.09024730
C 	  0.10069700 	  1.95505000 	 -0.04181060
O 	  0.20838800 	  3.11562000 	  0.03196050
O 	  1.64852000 	 -2.07885000 	 -0.14631900
C 	  2.10513000 	 -1.01625000 	  0.01787370
O 	  2.57920000 	  0.04593960 	  0.16360000
O 	 -1.57186000 	 -1.94881000 	 -0.06482970
C 	 -2.12604000 	 -0.91773300 	 -0.04418250
O 	 -2.67668000 	  0.11483500 	 -0.06923590

Tetramer 1
O 	  0.18926500 	  1.44691000 	  0.93059300
C 	  0.72583400 	  2.22664000 	  0.24075300
O 	  1.26341000 	  3.00707000 	 -0.44491000
O 	  0.23229300 	 -1.44318000 	  1.67164000
C 	 -0.83030000 	 -0.95583300 	  1.73048000
O 	 -1.89203000 	 -0.46534500 	  1.77117000
O 	 -1.34143000 	 -0.93816600 	 -1.00654000
C 	 -1.41988000 	  0.21779400 	 -1.17497000
O 	 -1.48093000 	  1.37413000 	 -1.34204000
O 	  1.67690000 	 -2.64769000 	 -0.71440400
C 	  1.51635000 	 -1.49131000 	 -0.78476200
O 	  1.35656000 	 -0.33348200 	 -0.86745700

Tetramer 2
O 	  0.17934400 	  1.45231000 	  0.92317200
C 	  0.71202400 	  2.23296000 	  0.22910400
O 	  1.24299000 	  3.01472000 	 -0.46388300
O 	  0.22068800 	 -1.44609000 	  1.65954000
C 	 -0.84323800 	 -0.96060100 	  1.72847000
O 	 -1.90993000 	 -0.48131700 	  1.76655000
O 	 -1.36218000 	 -0.94133000 	 -1.03878000
C 	 -1.42966000 	  0.21700200 	 -1.18498000
O 	 -1.48290000 	  1.37995000 	 -1.32339000
O 	  1.69930000 	 -2.64067000 	 -0.70259400
C 	  1.52994000 	 -1.48878000 	 -0.78278200
O 	  1.35581000 	 -0.33445600 	 -0.86914000

Tetramer 3
O 	  0.16027000 	  1.45231000 	  0.92153200
C 	  0.68237800 	  2.22615000 	  0.21199700
O 	  1.21475000 	  2.99530000 	 -0.49001800
O 	  0.21275300 	 -1.47367000 	  1.63381000
C 	 -0.84450100 	 -0.97794400 	  1.72702000
O 	 -1.90818000 	 -0.48772300 	  1.76895000
O 	 -1.34340000 	 -0.92841700 	 -1.07176000
C 	 -1.40991000 	  0.23442600 	 -1.19676000
O 	 -1.46325000 	  1.39533000 	 -1.32506000
O 	  1.74154000 	 -2.64243000 	 -0.72507900
C 	  1.56415000 	 -1.49070000 	 -0.77531600
O 	  1.38054000 	 -0.33844100 	 -0.82877000

Pentamer 1
O 	  0.15994100 	  1.45438000 	 -0.18125400
C 	  0.12180500 	  2.61232000 	 -0.35664600
O 	  0.07229430 	  3.76742000 	 -0.54051300
O 	 -0.00818807 	 -3.03965000 	 -1.77415000
C 	 -0.44757600 	 -2.00678000 	 -1.43979000
O 	 -0.90370700 	 -0.98017000 	 -1.10739000
O 	 -0.11119100 	 -2.32923000 	  1.31816000
C 	  0.28456400 	 -1.28059000 	  1.66860000
O 	  0.68914800 	 -0.22969700 	  1.99314000
O 	 -2.19563000 	 -0.28399500 	  1.32051000
C 	 -2.38227000 	  0.63036000 	  0.61789900
O 	 -2.57600000 	  1.55920000 	 -0.06505730
O 	  1.97030000 	 -1.03493000 	 -0.49931400
C 	  2.44372000 	  0.03555510 	 -0.52223000
O 	  2.90517000 	  1.10711000 	 -0.55572300

Pentamer 2
O 	  0.33243500 	  1.41013000 	 -0.57188300
C 	  0.60821800 	  2.35110000 	  0.03877090
O 	  0.83759800 	  3.34087000 	  0.60546100
O 	  0.28857400 	 -3.14617000 	 -1.83857000
C 	 -0.29082900 	 -2.20772000 	 -1.43062000
O 	 -0.89335800 	 -1.29211000 	 -1.00357000
O 	  0.11541900 	 -2.41271000 	  1.29289000
C 	  0.59926200 	 -1.36535000 	  1.47983000
O 	  1.10214000 	 -0.32135800 	  1.64872000
O 	 -1.89893000 	  0.06241600 	  1.28974000
C 	 -2.20371000 	  0.67027000 	  0.33431600
O 	 -2.57881000 	  1.32987000 	 -0.56191500
O 	  2.09570000 	 -1.05324000 	 -0.85140400
C 	  2.60617000 	 -0.00660856 	 -0.75296200
O 	  3.15201000 	  1.01248000 	 -0.60944000

Pentamer 3
O 	  0.19752300 	  1.50419000 	 -0.23526800
C 	  0.14425600 	  2.66431000 	 -0.34588500
O 	  0.06637750 	  3.82793000 	 -0.47765800
O 	 -0.04270470 	 -3.08721000 	 -1.79893000
C 	 -0.43373300 	 -2.03907000 	 -1.44973000
O 	 -0.84038600 	 -0.99869500 	 -1.09713000
O 	 -0.09537890 	 -2.35519000 	  1.33287000
C 	  0.31018400 	 -1.30078000 	  1.66314000
O 	  0.72794700 	 -0.24648200 	  1.96267000
O 	 -2.21012000 	 -0.20697300 	  1.32678000
C 	 -2.38044000 	  0.68258500 	  0.59292800
O 	 -2.57708000 	  1.59146000 	 -0.11592900
O 	  1.97550000 	 -1.04493000 	 -0.51859200
C 	  2.44532000 	  0.02488520 	 -0.49991400
O 	  2.91692000 	  1.09127000 	 -0.49053000

================================================
