Training
--------

Methanol 1
C
O 1 1.39480
H 2 0.91111 1 106.66667
H 1 1.09699 2 112.14558 3 61.55963
H 1 1.09701 2 112.15465 3 -61.54383
H 1 1.09348 2 104.48537 3 -179.99489

Methanol 2
C
O 1 1.39480
H 2 0.86667 1 105.55556
H 1 1.09699 2 112.14558 3 61.55963
H 1 1.09701 2 112.15465 3 -61.54383
H 1 1.09348 2 104.48537 3 -179.99489

Methanol 3
C
O 1 1.39480
H 2 0.97778 1 106.66667
H 1 1.09699 2 112.14558 3 61.55963
H 1 1.09701 2 112.15465 3 -61.54383
H 1 1.09348 2 104.48537 3 -179.99489

Methanol 4
C
O 1 1.39480
H 2 0.93333 1 108.88889
H 1 1.09699 2 112.14558 3 61.55963
H 1 1.09701 2 112.15465 3 -61.54383
H 1 1.09348 2 104.48537 3 -179.99489

Methanol 5
C
O 1 1.39480
H 2 0.91111 1 108.88889
H 1 1.09699 2 112.14558 3 61.55963
H 1 1.09701 2 112.15465 3 -61.54383
H 1 1.09348 2 104.48537 3 -179.99489

Methanol 6
C
O 1 1.39480
H 2 0.93333 1 110.0
H 1 1.09699 2 112.14558 3 61.55963
H 1 1.09701 2 112.15465 3 -61.54383
H 1 1.09348 2 104.48537 3 -179.99489

Methanol 7
C
O 1 1.39480
H 2 0.8 1 108.88889
H 1 1.09699 2 112.14558 3 61.55963
H 1 1.09701 2 112.15465 3 -61.54383
H 1 1.09348 2 104.48537 3 -179.99489

Methanol 8
C
O 1 1.39480
H 2 0.82222 1 107.77778
H 1 1.09699 2 112.14558 3 61.55963
H 1 1.09701 2 112.15465 3 -61.54383
H 1 1.09348 2 104.48537 3 -179.99489

Methanol 9
C
O 1 1.39480
H 2 0.93333 1 105.55556
H 1 1.09699 2 112.14558 3 61.55963
H 1 1.09701 2 112.15465 3 -61.54383
H 1 1.09348 2 104.48537 3 -179.99489

Methanol 10
C
O 1 1.39480
H 2 0.88889 1 110.0
H 1 1.09699 2 112.14558 3 61.55963
H 1 1.09701 2 112.15465 3 -61.54383
H 1 1.09348 2 104.48537 3 -179.99489

Methanol 11
C
O 1 1.39480
H 2 0.88889 1 107.77778
H 1 1.09699 2 112.14558 3 61.55963
H 1 1.09701 2 112.15465 3 -61.54383
H 1 1.09348 2 104.48537 3 -179.99489

Methanol 12
C
O 1 1.39480
H 2 0.97778 1 108.88889
H 1 1.09699 2 112.14558 3 61.55963
H 1 1.09701 2 112.15465 3 -61.54383
H 1 1.09348 2 104.48537 3 -179.99489

Methanol 13
C
O 1 1.39480
H 2 0.8 1 105.55556
H 1 1.09699 2 112.14558 3 61.55963
H 1 1.09701 2 112.15465 3 -61.54383
H 1 1.09348 2 104.48537 3 -179.99489

Methanol 14
C
O 1 1.39480
H 2 0.84444 1 106.66667
H 1 1.09699 2 112.14558 3 61.55963
H 1 1.09701 2 112.15465 3 -61.54383
H 1 1.09348 2 104.48537 3 -179.99489

Methanol 15
C
O 1 1.39480
H 2 0.8 1 107.77778
H 1 1.09699 2 112.14558 3 61.55963
H 1 1.09701 2 112.15465 3 -61.54383
H 1 1.09348 2 104.48537 3 -179.99489

Methanol 16
C
O 1 1.39480
H 2 0.8 1 106.66667
H 1 1.09699 2 112.14558 3 61.55963
H 1 1.09701 2 112.15465 3 -61.54383
H 1 1.09348 2 104.48537 3 -179.99489

Methanol 17
C
O 1 1.39480
H 2 1.0 1 105.55556
H 1 1.09699 2 112.14558 3 61.55963
H 1 1.09701 2 112.15465 3 -61.54383
H 1 1.09348 2 104.48537 3 -179.99489

Methanol 18
C
O 1 1.39480
H 2 0.93333 1 106.66667
H 1 1.09699 2 112.14558 3 61.55963
H 1 1.09701 2 112.15465 3 -61.54383
H 1 1.09348 2 104.48537 3 -179.99489

Methanol 19
C
O 1 1.39480
H 2 0.95556 1 105.55556
H 1 1.09699 2 112.14558 3 61.55963
H 1 1.09701 2 112.15465 3 -61.54383
H 1 1.09348 2 104.48537 3 -179.99489

Methanol 20
C
O 1 1.39480
H 2 0.93333 1 107.77778
H 1 1.09699 2 112.14558 3 61.55963
H 1 1.09701 2 112.15465 3 -61.54383
H 1 1.09348 2 104.48537 3 -179.99489

Methanol 21
C
O 1 1.39480
H 2 1.0 1 108.88889
H 1 1.09699 2 112.14558 3 61.55963
H 1 1.09701 2 112.15465 3 -61.54383
H 1 1.09348 2 104.48537 3 -179.99489

Methanol 22
C
O 1 1.39480
H 2 0.88889 1 108.88889
H 1 1.09699 2 112.14558 3 61.55963
H 1 1.09701 2 112.15465 3 -61.54383
H 1 1.09348 2 104.48537 3 -179.99489

Methanol 23
C
O 1 1.39480
H 2 0.86667 1 108.88889
H 1 1.09699 2 112.14558 3 61.55963
H 1 1.09701 2 112.15465 3 -61.54383
H 1 1.09348 2 104.48537 3 -179.99489

Methanol 24
C
O 1 1.39480
H 2 0.88889 1 106.66667
H 1 1.09699 2 112.14558 3 61.55963
H 1 1.09701 2 112.15465 3 -61.54383
H 1 1.09348 2 104.48537 3 -179.99489

Methanol 25
C
O 1 1.39480
H 2 0.97778 1 107.77778
H 1 1.09699 2 112.14558 3 61.55963
H 1 1.09701 2 112.15465 3 -61.54383
H 1 1.09348 2 104.48537 3 -179.99489

Methanol 26
C
O 1 1.39480
H 2 1.0 1 106.66667
H 1 1.09699 2 112.14558 3 61.55963
H 1 1.09701 2 112.15465 3 -61.54383
H 1 1.09348 2 104.48537 3 -179.99489

Methanol 27
C
O 1 1.39480
H 2 0.97778 1 105.55556
H 1 1.09699 2 112.14558 3 61.55963
H 1 1.09701 2 112.15465 3 -61.54383
H 1 1.09348 2 104.48537 3 -179.99489

Methanol 28
C
O 1 1.39480
H 2 0.86667 1 106.66667
H 1 1.09699 2 112.14558 3 61.55963
H 1 1.09701 2 112.15465 3 -61.54383
H 1 1.09348 2 104.48537 3 -179.99489

Methanol 29
C
O 1 1.39480
H 2 0.8 1 110.0
H 1 1.09699 2 112.14558 3 61.55963
H 1 1.09701 2 112.15465 3 -61.54383
H 1 1.09348 2 104.48537 3 -179.99489

Methanol 30
C
O 1 1.39480
H 2 1.0 1 107.77778
H 1 1.09699 2 112.14558 3 61.55963
H 1 1.09701 2 112.15465 3 -61.54383
H 1 1.09348 2 104.48537 3 -179.99489

Methanol 31
C
O 1 1.39480
H 2 0.91111 1 107.77778
H 1 1.09699 2 112.14558 3 61.55963
H 1 1.09701 2 112.15465 3 -61.54383
H 1 1.09348 2 104.48537 3 -179.99489

Methanol 32
C
O 1 1.39480
H 2 0.84444 1 108.88889
H 1 1.09699 2 112.14558 3 61.55963
H 1 1.09701 2 112.15465 3 -61.54383
H 1 1.09348 2 104.48537 3 -179.99489

Methanol 33
C
O 1 1.39480
H 2 0.95556 1 110.0
H 1 1.09699 2 112.14558 3 61.55963
H 1 1.09701 2 112.15465 3 -61.54383
H 1 1.09348 2 104.48537 3 -179.99489

Methanol 34
C
O 1 1.39480
H 2 0.95556 1 106.66667
H 1 1.09699 2 112.14558 3 61.55963
H 1 1.09701 2 112.15465 3 -61.54383
H 1 1.09348 2 104.48537 3 -179.99489

Methanol 35
C
O 1 1.39480
H 2 0.82222 1 110.0
H 1 1.09699 2 112.14558 3 61.55963
H 1 1.09701 2 112.15465 3 -61.54383
H 1 1.09348 2 104.48537 3 -179.99489

Methanol 36
C
O 1 1.39480
H 2 0.84444 1 110.0
H 1 1.09699 2 112.14558 3 61.55963
H 1 1.09701 2 112.15465 3 -61.54383
H 1 1.09348 2 104.48537 3 -179.99489

Methanol 37
C
O 1 1.39480
H 2 0.97778 1 110.0
H 1 1.09699 2 112.14558 3 61.55963
H 1 1.09701 2 112.15465 3 -61.54383
H 1 1.09348 2 104.48537 3 -179.99489

Methanol 38
C
O 1 1.39480
H 2 0.84444 1 105.55556
H 1 1.09699 2 112.14558 3 61.55963
H 1 1.09701 2 112.15465 3 -61.54383
H 1 1.09348 2 104.48537 3 -179.99489

Methanol 39
C
O 1 1.39480
H 2 0.88889 1 105.55556
H 1 1.09699 2 112.14558 3 61.55963
H 1 1.09701 2 112.15465 3 -61.54383
H 1 1.09348 2 104.48537 3 -179.99489

Methanol 40
C
O 1 1.39480
H 2 0.82222 1 106.66667
H 1 1.09699 2 112.14558 3 61.55963
H 1 1.09701 2 112.15465 3 -61.54383
H 1 1.09348 2 104.48537 3 -179.99489

Methanol 41
C
O 1 1.39480
H 2 0.84444 1 107.77778
H 1 1.09699 2 112.14558 3 61.55963
H 1 1.09701 2 112.15465 3 -61.54383
H 1 1.09348 2 104.48537 3 -179.99489

Methanol 42
C
O 1 1.39480
H 2 0.82222 1 108.88889
H 1 1.09699 2 112.14558 3 61.55963
H 1 1.09701 2 112.15465 3 -61.54383
H 1 1.09348 2 104.48537 3 -179.99489

Methanol 43
C
O 1 1.39480
H 2 0.91111 1 110.0
H 1 1.09699 2 112.14558 3 61.55963
H 1 1.09701 2 112.15465 3 -61.54383
H 1 1.09348 2 104.48537 3 -179.99489

Methanol 44
C
O 1 1.39480
H 2 0.95556 1 107.77778
H 1 1.09699 2 112.14558 3 61.55963
H 1 1.09701 2 112.15465 3 -61.54383
H 1 1.09348 2 104.48537 3 -179.99489

Methanol 45
C
O 1 1.39480
H 2 0.86667 1 107.77778
H 1 1.09699 2 112.14558 3 61.55963
H 1 1.09701 2 112.15465 3 -61.54383
H 1 1.09348 2 104.48537 3 -179.99489

Methanol 46
C
O 1 1.39480
H 2 0.86667 1 110.0
H 1 1.09699 2 112.14558 3 61.55963
H 1 1.09701 2 112.15465 3 -61.54383
H 1 1.09348 2 104.48537 3 -179.99489

Methanol 47
C
O 1 1.39480
H 2 0.91111 1 105.55556
H 1 1.09699 2 112.14558 3 61.55963
H 1 1.09701 2 112.15465 3 -61.54383
H 1 1.09348 2 104.48537 3 -179.99489

Methanol 48
C
O 1 1.39480
H 2 0.95556 1 108.88889
H 1 1.09699 2 112.14558 3 61.55963
H 1 1.09701 2 112.15465 3 -61.54383
H 1 1.09348 2 104.48537 3 -179.99489

Methanol 49
C
O 1 1.39480
H 2 1.0 1 110.0
H 1 1.09699 2 112.14558 3 61.55963
H 1 1.09701 2 112.15465 3 -61.54383
H 1 1.09348 2 104.48537 3 -179.99489

Methanol 50
C
O 1 1.39480
H 2 0.82222 1 105.55556
H 1 1.09699 2 112.14558 3 61.55963
H 1 1.09701 2 112.15465 3 -61.54383
H 1 1.09348 2 104.48537 3 -179.99489

================================================
Testing
-------

Methanol 51
C
O 1 1.39480
H 2 0.9 1 107.5
H 1 1.09699 2 112.14558 3 61.55963
H 1 1.09701 2 112.15465 3 -61.54383
H 1 1.09348 2 104.48537 3 -179.99489

Methanol 52
C
O 1 1.39480
H 2 0.85 1 105.5
H 1 1.09699 2 112.14558 3 61.55963
H 1 1.09701 2 112.15465 3 -61.54383
H 1 1.09348 2 104.48537 3 -179.99489

Methanol 53
C
O 1 1.39480
H 2 0.85 1 109.5
H 1 1.09699 2 112.14558 3 61.55963
H 1 1.09701 2 112.15465 3 -61.54383
H 1 1.09348 2 104.48537 3 -179.99489

Methanol 54
C
O 1 1.39480
H 2 0.85 1 107.5
H 1 1.09699 2 112.14558 3 61.55963
H 1 1.09701 2 112.15465 3 -61.54383
H 1 1.09348 2 104.48537 3 -179.99489

Methanol 55
C
O 1 1.39480
H 2 0.925 1 108.5
H 1 1.09699 2 112.14558 3 61.55963
H 1 1.09701 2 112.15465 3 -61.54383
H 1 1.09348 2 104.48537 3 -179.99489

Methanol 56
C
O 1 1.39480
H 2 0.925 1 106.5
H 1 1.09699 2 112.14558 3 61.55963
H 1 1.09701 2 112.15465 3 -61.54383
H 1 1.09348 2 104.48537 3 -179.99489

Methanol 57
C
O 1 1.39480
H 2 0.875 1 107.5
H 1 1.09699 2 112.14558 3 61.55963
H 1 1.09701 2 112.15465 3 -61.54383
H 1 1.09348 2 104.48537 3 -179.99489

Methanol 58
C
O 1 1.39480
H 2 0.875 1 106.5
H 1 1.09699 2 112.14558 3 61.55963
H 1 1.09701 2 112.15465 3 -61.54383
H 1 1.09348 2 104.48537 3 -179.99489

Methanol 59
C
O 1 1.39480
H 2 0.95 1 109.5
H 1 1.09699 2 112.14558 3 61.55963
H 1 1.09701 2 112.15465 3 -61.54383
H 1 1.09348 2 104.48537 3 -179.99489

Methanol 60
C
O 1 1.39480
H 2 0.925 1 105.5
H 1 1.09699 2 112.14558 3 61.55963
H 1 1.09701 2 112.15465 3 -61.54383
H 1 1.09348 2 104.48537 3 -179.99489

Methanol 61
C
O 1 1.39480
H 2 0.85 1 106.5
H 1 1.09699 2 112.14558 3 61.55963
H 1 1.09701 2 112.15465 3 -61.54383
H 1 1.09348 2 104.48537 3 -179.99489

Methanol 62
C
O 1 1.39480
H 2 0.95 1 108.5
H 1 1.09699 2 112.14558 3 61.55963
H 1 1.09701 2 112.15465 3 -61.54383
H 1 1.09348 2 104.48537 3 -179.99489

Methanol 63
C
O 1 1.39480
H 2 0.875 1 105.5
H 1 1.09699 2 112.14558 3 61.55963
H 1 1.09701 2 112.15465 3 -61.54383
H 1 1.09348 2 104.48537 3 -179.99489

Methanol 64
C
O 1 1.39480
H 2 0.9 1 109.5
H 1 1.09699 2 112.14558 3 61.55963
H 1 1.09701 2 112.15465 3 -61.54383
H 1 1.09348 2 104.48537 3 -179.99489

Methanol 65
C
O 1 1.39480
H 2 0.85 1 108.5
H 1 1.09699 2 112.14558 3 61.55963
H 1 1.09701 2 112.15465 3 -61.54383
H 1 1.09348 2 104.48537 3 -179.99489

Methanol 66
C
O 1 1.39480
H 2 0.875 1 108.5
H 1 1.09699 2 112.14558 3 61.55963
H 1 1.09701 2 112.15465 3 -61.54383
H 1 1.09348 2 104.48537 3 -179.99489

Methanol 67
C
O 1 1.39480
H 2 0.875 1 109.5
H 1 1.09699 2 112.14558 3 61.55963
H 1 1.09701 2 112.15465 3 -61.54383
H 1 1.09348 2 104.48537 3 -179.99489

Methanol 68
C
O 1 1.39480
H 2 0.9 1 105.5
H 1 1.09699 2 112.14558 3 61.55963
H 1 1.09701 2 112.15465 3 -61.54383
H 1 1.09348 2 104.48537 3 -179.99489

Methanol 69
C
O 1 1.39480
H 2 0.925 1 109.5
H 1 1.09699 2 112.14558 3 61.55963
H 1 1.09701 2 112.15465 3 -61.54383
H 1 1.09348 2 104.48537 3 -179.99489

Methanol 70
C
O 1 1.39480
H 2 0.95 1 105.5
H 1 1.09699 2 112.14558 3 61.55963
H 1 1.09701 2 112.15465 3 -61.54383
H 1 1.09348 2 104.48537 3 -179.99489

Methanol 71
C
O 1 1.39480
H 2 0.95 1 106.5
H 1 1.09699 2 112.14558 3 61.55963
H 1 1.09701 2 112.15465 3 -61.54383
H 1 1.09348 2 104.48537 3 -179.99489

Methanol 72
C
O 1 1.39480
H 2 0.9 1 108.5
H 1 1.09699 2 112.14558 3 61.55963
H 1 1.09701 2 112.15465 3 -61.54383
H 1 1.09348 2 104.48537 3 -179.99489

Methanol 73
C
O 1 1.39480
H 2 0.925 1 107.5
H 1 1.09699 2 112.14558 3 61.55963
H 1 1.09701 2 112.15465 3 -61.54383
H 1 1.09348 2 104.48537 3 -179.99489

Methanol 74
C
O 1 1.39480
H 2 0.95 1 107.5
H 1 1.09699 2 112.14558 3 61.55963
H 1 1.09701 2 112.15465 3 -61.54383
H 1 1.09348 2 104.48537 3 -179.99489

Methanol 75
C
O 1 1.39480
H 2 0.9 1 106.5
H 1 1.09699 2 112.14558 3 61.55963
H 1 1.09701 2 112.15465 3 -61.54383
H 1 1.09348 2 104.48537 3 -179.99489

